sample	OSMOTIC_STRESS_T100_SE_REP1	OSMOTIC_STRESS_T100_SE_REP2	OSMOTIC_STRESS_T150_SE_REP1	OSMOTIC_STRESS_T0_PE_REP2	OSMOTIC_STRESS_T0_PE_REP1	OSMOTIC_STRESS_T15_PE_REP1
OSMOTIC_STRESS_T100_SE_REP1	0	17.17840930472	17.3237258966953	17.4045879183562	4.89030115180692	17.4003674669957
OSMOTIC_STRESS_T100_SE_REP2	17.17840930472	0	20.5484962608527	6.0717456413094	17.0493915990063	20.5867760332004
OSMOTIC_STRESS_T150_SE_REP1	17.3237258966953	20.5484962608527	0	20.7445981922107	17.8200366540069	3.43224693708457
OSMOTIC_STRESS_T0_PE_REP2	17.4045879183562	6.0717456413094	20.7445981922107	0	16.8988021229759	20.4583310420748
OSMOTIC_STRESS_T0_PE_REP1	4.89030115180692	17.0493915990063	17.8200366540069	16.8988021229759	0	17.5596374232765
OSMOTIC_STRESS_T15_PE_REP1	17.4003674669957	20.5867760332004	3.43224693708457	20.4583310420748	17.5596374232765	0
